916209: 1004299150,1100037923,1004886136,1000976790,1004075541
624916: 1004299150,1100037923,1004886136,1000976790
929161: 1004299150,1100037923,1004886136,1000976790,1004075541
885461: 1004299150,1100037923,1004886136,1000976790,1004075541
942078: 1004299150,1100037923,1004886136,1000976790,1004075541
135046: 1004299150,1100037923,1004886136,1000976790,1004075541
393571: 1004299150,1100037923,1004886136,1000976790
349645: 1004299150,1100037923,1004886136,1000976790,1004075541
1031: 1004299150,1100037923,1004886136,1000976790,1004129533
346831: 1004299150,1100037923,1004886136,1000976790,1004129533
898271: 1004299150,1100037923,1004886136,1000976790
